R2: 0.833333
R3: 0.762712
R4: 0.676692
R5: 8.83333
